,Felsch Kincaid Grade,Gunning Fog Score,Lexicon Count,Smog Index,Positive,Negative,Uncertainty,Superfluous,Litigious
0,68.81,9.65,3917,10.7,50225,116525,56252,0,10045
1,63.53,11.81,3972,11.9,62279,100459,76342,4018,32144
2,67.49,9.76,5881,10.7,80360,88396,56252,2009,30135
3,68.2,9.57,8159,10.8,158711,184840,102459,0,64288
4,69.62,9.38,4958,11.1,72324,178807,74333,0,28126
5,69.41,9.52,5003,11.2,48216,144648,58261,2009,22099
6,59.43,10.44,2862,11.9,40180,90411,26117,0,12054
7,68.7,9.57,5826,11.2,104468,168762,82369,0,18081
8,61.56,9.51,4677,11.5,62279,156708,50225,0,6027
9,56.69,11.35,5497,12.6,64288,223011,48216,0,4018
10,67.79,10.08,5616,11.5,118531,204924,52234,0,26117
11,51.41,13.63,5622,14.3,68306,273227,62279,2009,26117
12,57.5,11.36,2646,12.5,48216,86387,32144,0,8036
13,66.27,10.31,7928,11.6,120540,170768,200900,0,2009
14,57.91,10.74,5980,12.6,82369,164741,120540,0,6027
15,66.78,10.28,7472,11.6,118531,198900,160720,0,4020
16,61.36,9.56,4673,11.6,60270,88396,88396,4018,2009
17,45.39,12.98,3746,14.1,38171,96435,78351,0,4018
18,59.74,10.0,5992,12.0,78351,162729,106477,0,4018
19,54.15,12.11,6721,13.3,78351,180810,156702,0,2009
20,58.42,10.48,6049,12.0,132594,116522,134603,2009,10045
21,60.45,9.91,5193,11.7,82369,148666,106477,6027,6027
22,57.71,10.85,6251,13.2,86387,186837,152684,0,24108
23,58.01,10.67,7500,12.9,82369,220999,172774,0,102459
24,56.89,11.2,6799,13.3,76342,243095,156702,0,100450
25,58.21,10.4,8229,12.6,116522,269209,160720,0,68306
26,59.43,9.92,6736,12.2,84378,220993,142639,0,70315
27,59.23,10.01,8042,12.0,92414,309395,142639,0,54243
28,59.94,9.7,7936,12.1,88396,319434,140630,0,60270
29,60.14,9.63,6819,11.9,104468,225008,156702,2009,36162
30,58.01,10.71,5690,13.2,88396,174792,134603,0,44198
31,60.24,9.37,7600,11.6,104468,255152,126567,0,88396
32,55.07,11.74,5643,13.6,52234,196885,150675,0,26117
33,55.98,11.48,5382,13.3,48216,174783,156702,0,74333
34,62.27,9.21,7015,11.9,178801,178810,136612,0,86387
35,60.55,9.86,5312,12.5,118531,170765,106477,2009,60270
36,62.58,8.63,8649,11.1,241080,210945,164738,0,2009
37,61.97,8.83,9361,11.3,281260,233044,200900,0,10045
38,60.14,10.05,7394,12.2,134603,293323,134603,0,4018
39,60.14,9.83,8511,12.2,164738,417878,160720,2009,10045
40,59.03,10.21,8829,12.4,186837,347569,182819,0,10045
41,58.72,10.21,9259,12.4,206927,329479,154693,0,8036
42,54.05,12.32,8763,13.9,186837,329482,136612,2009,0
43,47.12,11.66,9422,13.8,212954,383722,172774,2009,6027
44,50.36,10.41,9421,13.1,235053,309395,166747,0,2009
45,62.17,9.17,9439,11.9,200900,443989,170765,6027,10045
46,57.91,10.85,6648,12.8,146657,212963,100450,0,48216
47,59.13,10.18,6570,12.2,130585,190858,106477,0,26117
48,55.88,11.59,7481,13.1,122549,229029,110495,0,38171
49,58.82,10.23,8713,12.1,178801,271215,164738,0,26117
50,57.3,11.15,5631,12.3,78351,218984,92414,0,20090
51,57.61,11.52,3957,13.2,86387,140636,54243,0,20090
52,58.32,10.86,5354,12.5,70315,255149,106477,2009,38171
53,58.82,10.72,5317,12.8,142639,184831,88396,0,16072
54,52.33,12.86,7515,13.9,156702,295323,168756,2009,22099
55,54.26,12.22,6005,13.2,136612,263179,118531,6027,36162
56,47.56,14.88,5743,14.4,90405,178801,124558,0,22099
57,55.07,11.77,9685,13.3,239071,251137,212954,2009,30137
58,60.45,9.75,7295,12.3,257152,293320,118531,2009,22099
59,60.85,9.95,3362,11.3,80360,116528,78351,0,8036
60,68.5,9.7,5568,11.4,82369,245107,134603,0,4018
61,65.66,10.8,7087,12.0,130585,299362,138621,2009,4018
62,58.82,10.21,5980,12.0,98441,235053,78351,2009,0
63,68.81,9.23,9556,11.1,146657,401806,172774,4018,16072
64,70.02,9.29,4788,11.1,108486,182819,110495,0,8036
65,68.1,9.67,8004,11.4,152684,327476,160720,4018,6027
66,68.81,9.89,4873,11.4,82369,162738,98441,0,2009
67,59.43,10.03,4942,11.6,88396,164738,118531,4018,4018
68,60.14,9.71,5455,11.4,112504,148669,130585,2009,2009
69,69.62,9.44,5239,11.0,84378,235056,136612,2009,8036
70,53.34,12.68,4739,13.2,84378,227029,84378,2009,8036
71,66.27,10.64,5476,12.0,98441,194873,104468,2009,4018
72,68.4,9.78,6506,11.5,120540,210954,180810,2009,6027
73,56.39,11.81,4208,13.0,34153,190861,56252,0,14063
74,58.32,10.56,5207,12.2,50225,223008,70315,0,18081
75,54.97,12.27,4299,13.4,20090,168759,76342,0,4018
76,50.09,14.17,4564,14.4,48216,190858,84378,0,10045
77,61.97,9.56,4127,12.0,40180,168762,48216,0,2009
78,55.37,12.17,4573,13.3,60270,170771,76342,0,8036
79,58.32,10.63,6175,12.6,46207,212960,94423,0,10045
80,58.01,10.99,4659,12.8,54243,164741,82369,0,6027
81,59.03,10.58,4505,12.7,44198,174792,76342,0,4018
82,55.17,12.41,4018,14.1,44198,146663,72324,0,14063
83,57.1,11.54,3506,13.2,48216,126573,40180,0,2009
84,54.97,12.16,4789,13.3,48216,170771,90405,0,18081
85,54.36,12.48,6007,13.5,142639,146666,136612,0,24108
86,59.33,11.29,3625,13.0,74333,134609,64288,0,10045
87,70.02,9.59,2676,10.9,52234,82372,38171,0,10045
88,61.16,9.38,8340,11.6,146657,307386,176792,0,4018
89,62.68,8.7,8748,11.4,138621,303377,174783,2009,8036
90,59.03,10.09,9842,12.5,154693,425950,210945,0,16072
91,59.84,9.94,8436,12.6,114513,285296,218981,2009,4018
92,61.87,9.08,8017,11.9,90405,393785,166747,2009,0
93,61.56,9.2,8714,12.1,100450,439986,128576,2009,6027
94,62.27,9.05,5801,11.6,100450,265209,96432,0,4018
95,61.67,9.27,6542,11.6,74333,313407,110495,0,8036
96,56.69,11.68,4602,13.2,62279,243113,84378,0,4018
97,68.4,9.69,6769,11.4,108486,206927,122549,2009,14063
98,59.03,10.19,8381,12.2,140630,277248,176792,0,10045
99,60.14,9.53,12210,12.0,164738,448040,253134,2009,18081
100,61.36,9.41,8178,11.9,154693,377716,164738,2009,12054
101,48.13,12.43,4237,13.7,76342,212963,90405,0,16072
102,68.91,9.52,5947,11.3,92414,210948,114513,2009,14063
103,61.16,9.42,8780,12.3,138621,377704,170765,0,8036
104,61.06,9.26,8947,12.1,110495,397788,176792,0,4018
105,61.26,9.06,10218,12.0,172774,347566,188846,0,6027
106,61.46,9.13,9840,12.0,124558,331500,186837,2009,18081
107,61.16,9.29,10818,11.8,150675,399815,220990,0,18081
108,59.64,9.74,9973,12.3,210945,301365,180810,0,8036
109,61.67,9.03,9660,12.1,156702,363632,249116,0,12054
110,61.56,9.07,10889,12.1,168776,327470,237062,0,10045
111,51.38,9.88,9685,13.2,154703,347569,202909,0,24108
112,50.97,10.0,10623,13.4,160735,448010,225008,0,42189
113,61.67,9.1,9474,12.2,132594,373683,172774,0,28126
114,62.27,9.21,7425,12.1,124558,299356,114513,4018,14063
115,55.17,11.76,6865,12.9,132594,309395,140630,0,16072
116,51.89,10.04,6527,12.6,100450,309389,134603,0,12054
117,59.94,10.03,7148,12.4,104468,303362,120540,0,24108
118,59.74,10.7,4388,12.4,122549,182825,100450,0,16072
119,64.54,11.44,7559,12.2,160720,231044,172774,0,28126
120,67.99,9.82,8245,11.2,154693,176804,188846,0,20090
121,68.3,9.83,8541,11.6,220990,237068,192864,2009,10045
122,72.36,7.96,9524,10.3,154693,281269,285278,0,4018
123,54.97,11.82,10376,13.6,136612,375686,184828,0,38171
124,60.55,9.78,5948,12.1,98441,277245,92414,0,12054
125,62.07,9.3,5654,11.8,120540,170774,84378,0,10045
126,62.48,8.78,6393,11.4,134603,204918,92414,0,14063
127,57.5,10.98,5468,13.0,96432,218984,100450,0,10045
128,49.96,11.08,4491,13.2,70315,188852,84378,0,0
129,57.71,10.87,6250,12.8,110495,235056,84378,0,2009
130,61.67,9.46,5457,12.0,96432,267206,94423,2009,14063
131,59.53,10.21,6215,12.1,106477,299350,80360,0,4018
132,61.26,9.29,5380,11.7,84378,188846,116522,0,0
133,62.17,9.23,4603,11.4,84378,227023,88396,0,4018
134,61.16,9.5,5556,11.8,104468,237062,148666,0,0
135,61.56,9.35,5803,11.6,122549,220999,124558,0,6027
136,62.78,9.01,5443,11.4,134603,202909,114513,0,6027
137,62.17,9.73,4482,12.0,138621,160723,72324,0,6027
138,49.35,10.95,4831,12.9,72324,144657,116522,0,8036
139,55.88,11.25,7001,12.8,96432,233050,124558,0,14063
140,52.7,9.7,4327,12.2,44198,150675,80360,0,6027
141,49.35,11.07,4763,13.4,56252,180813,78351,0,6027
142,46.0,12.58,3966,14.3,68306,102459,86387,0,14063
143,59.74,10.02,5797,12.3,76342,184831,130585,0,10045
144,54.86,11.92,5812,13.3,116522,150678,104468,0,18081
145,60.75,9.78,6319,12.2,132594,186840,144648,2009,12054
146,62.07,9.41,4324,11.8,80360,132597,112504,0,6027
147,60.35,9.71,8993,11.8,142639,235053,186837,0,32144
148,60.35,10.14,6335,12.3,86387,196891,124558,0,2009
149,57.71,11.14,6666,12.7,124558,235065,140630,0,16072
150,61.87,9.25,8774,11.3,106477,269224,154693,4018,28126
151,60.65,9.82,7671,12.1,112504,295338,174783,0,22099
152,52.6,10.1,7063,12.6,84378,275251,124558,0,18081
153,60.14,10.07,8737,12.3,126567,323458,138621,0,40180
154,54.52,9.35,7890,12.4,144648,311404,160720,2009,40180
155,48.74,11.82,6629,13.8,108486,261173,142639,4018,42189
156,45.9,12.92,7321,14.5,90405,309398,126567,2009,14063
157,57.3,11.76,4714,13.4,46207,182825,112504,0,40180
158,43.97,14.15,4682,15.8,100450,182828,106477,0,10045
159,58.92,10.91,6143,12.8,162729,218993,118531,2009,38171
160,51.07,11.08,6642,13.7,136612,327476,72324,2009,30135
161,64.44,10.84,10062,11.8,84378,381728,202909,0,18081
162,67.99,9.46,10894,11.3,106477,315434,160720,2009,28126
163,67.08,10.04,8426,11.6,106477,253149,138621,0,24108
164,66.47,10.13,8832,11.7,78351,265188,188846,0,22099
165,67.89,9.53,11275,11.6,132594,343551,204918,0,26117
166,70.43,8.58,9970,11.0,94423,317428,208936,0,14063
167,65.96,10.33,11111,11.8,84378,297341,212954,0,24108
168,61.26,8.95,10212,11.3,120540,251131,214963,0,36162
169,58.11,10.32,8517,12.3,78351,323452,156702,2009,34153
170,60.55,9.23,9489,11.5,86387,261182,182819,0,24108
171,60.55,9.19,10101,11.8,112504,339551,222999,4018,20090
172,70.33,8.81,9133,10.9,210945,176801,317422,0,20090
173,57.71,10.33,10555,12.2,118531,367662,194873,2009,14063
174,55.27,11.48,9092,13.3,98441,291326,180810,0,36162
175,69.21,9.2,8595,11.4,138621,216975,237062,2009,16072
176,60.99,12.3,9594,12.5,86387,309403,152684,2009,20090
177,61.56,9.13,6088,11.3,42189,160729,84378,2009,36162
178,58.52,10.29,6089,12.3,66297,142642,100450,6027,26117
179,58.01,10.45,9193,12.2,116522,287296,146657,2009,54243
180,58.01,10.34,8507,12.2,68306,160723,100450,0,26117
181,59.13,10.02,8045,12.3,78351,227020,128576,2009,28126
182,55.37,11.31,10809,12.5,114513,259164,170765,2009,52234
183,67.99,9.75,7044,11.4,70315,142642,166747,2009,44198
184,63.43,11.45,7686,12.3,66297,184828,124558,2009,36162
185,51.11,13.04,8777,13.7,84378,176801,72324,0,46207
186,55.47,11.63,7562,13.4,100450,202909,90405,2009,58261
187,53.75,12.33,8954,13.1,222999,194873,132594,0,40182
188,62.27,9.21,6746,11.6,112504,210951,118531,0,16072
189,62.68,9.02,3948,11.5,64288,124561,50225,0,10045
190,63.09,8.6,7045,11.2,126567,253155,66297,0,24108
191,62.78,8.64,5852,11.3,86387,210948,46207,0,18081
192,63.19,8.53,5355,11.0,48216,192867,64288,0,52234
193,62.68,8.77,5692,11.1,74333,220999,56252,0,14063
194,61.87,9.34,5344,11.8,78351,261170,72324,0,22099
195,62.17,9.11,5593,11.4,74333,229029,66297,0,16072
196,63.09,8.47,7748,11.1,96432,359620,94423,2009,24108
197,63.39,8.63,6782,11.2,90405,289305,108486,0,10045
198,61.77,9.01,7485,11.2,84378,243116,132594,0,34153
199,63.19,8.37,8154,11.0,102459,277248,90405,2009,34153
200,63.49,8.11,9262,10.8,158711,255143,106477,0,46207
201,59.43,9.72,8580,12.1,136617,315413,96432,0,12054
202,60.14,9.66,7262,11.9,108486,245101,118531,0,14063
203,62.48,8.79,6728,11.7,166747,204918,182819,0,10045
204,64.2,7.92,7718,10.9,152684,337518,90405,0,38171
205,49.45,11.16,8680,13.5,214963,289311,150675,14063,50227
206,48.74,11.74,8233,14.1,150675,239083,142639,14063,32144
207,58.01,11.12,5430,12.4,116522,132606,100450,2009,14063
208,62.17,9.69,4569,12.1,136612,172789,74333,4018,8036
209,57.0,11.87,4271,13.4,78351,110507,96432,2009,8036
210,52.6,10.81,3082,13.5,54243,144651,74333,2009,8036
211,51.38,10.74,4285,13.1,84378,186837,80360,0,4018
212,61.36,9.81,5513,12.5,88396,214966,102462,6027,6027
213,62.17,9.82,4602,12.0,88396,178801,110495,2009,14063
214,51.38,10.58,3820,12.9,88396,104468,98441,0,4018
215,61.56,9.93,4225,12.2,116522,104471,68306,0,6027
216,57.5,11.62,3426,13.1,64288,102459,70315,2009,12054
217,61.77,9.73,5550,12.1,150675,166747,108486,0,12054
218,72.87,8.55,2639,10.6,68306,56255,26117,0,4018
219,53.85,12.01,11522,13.2,275233,311401,182819,4018,22099
220,55.37,11.73,7681,13.8,251125,227020,124558,0,20090
221,54.97,11.55,11609,13.5,279256,409851,184828,0,46207
222,53.75,12.17,9937,13.8,220990,335506,198891,0,42189
223,59.84,9.7,12111,12.1,265188,381713,188846,2009,30135
224,49.75,10.51,10342,13.2,206927,496223,192864,0,20090
225,48.54,10.95,10862,13.2,339521,391767,178801,0,72324
226,59.74,9.8,11113,12.5,239071,349575,188846,2009,38171
227,57.0,10.72,12057,12.8,385728,397800,259161,0,32144
228,59.33,9.92,12371,12.2,349566,399809,255143,0,60272
229,60.04,9.65,10099,12.3,261170,474136,194873,2009,40180
230,60.04,9.6,12154,11.9,271215,512316,261170,0,14065
231,55.98,11.36,11274,13.1,299341,385737,245098,0,24108
232,59.94,9.81,11826,12.3,295323,442016,198891,0,14063
233,69.11,9.43,7023,11.1,154693,303371,106477,0,12054
234,62.38,9.11,6230,11.8,104468,237062,76342,0,2009
235,57.0,10.7,8448,11.9,152684,253137,100450,0,10045
236,61.87,9.23,6393,11.4,104468,188846,104468,2009,6027
237,58.32,10.24,7899,12.1,114513,235053,90405,2009,14063
238,49.45,11.15,4647,12.8,60270,148675,64288,2009,10045
239,59.43,9.76,8718,11.5,146657,231035,130585,2009,20090
240,49.04,11.74,4333,13.1,78351,94423,60270,2009,20090
241,57.81,10.43,8214,12.1,128576,279257,88396,2009,6027
242,60.85,9.58,6446,11.5,74333,247107,84378,0,2009
243,70.23,8.78,9802,11.0,146657,271215,168756,0,10045
244,60.65,9.64,6173,11.7,112504,190858,72324,0,12054
245,55.88,11.56,5852,12.7,118531,188846,84378,0,6027
246,53.95,11.98,9025,13.0,158711,245110,122549,0,6027
247,53.55,12.29,7526,13.0,154693,206930,68306,0,12054
248,57.3,11.13,7618,12.7,142639,180813,138621,4018,20090
249,61.87,9.02,8568,11.4,140630,285278,90405,0,8036
250,69.01,9.33,10626,11.4,239071,433962,150675,0,44198
251,59.94,9.63,11414,11.7,317422,403833,158711,0,28126
252,57.4,10.54,11667,12.2,285278,379749,154693,2009,128576
253,59.64,9.74,10081,11.8,239081,351593,170765,8036,42189
254,62.38,8.65,9905,11.0,269216,313413,154693,0,44198
255,60.75,9.23,11475,11.5,229026,423923,198891,2009,32144
256,60.35,9.44,10152,11.7,229026,309407,150675,0,32144
257,61.16,9.2,9845,11.3,206927,267209,148666,0,22099
258,61.97,8.78,10945,11.4,265188,325497,160720,4018,58261
259,58.32,10.32,9841,12.2,168756,259173,158711,0,24108
260,59.03,10.08,10414,12.4,198891,327491,154693,0,26117
261,58.21,10.21,10323,12.1,220990,255164,164738,0,42189
262,54.66,11.74,10120,13.2,307377,190870,237062,0,32144
263,63.8,7.98,11586,10.9,331485,373707,200900,2009,58261
264,61.67,8.98,10296,11.8,229026,464103,202909,0,26117
265,70.53,8.82,6146,10.9,188846,216999,120540,2009,30135
266,55.37,11.33,8689,12.8,132594,349569,180810,0,4018
267,50.46,10.61,4737,12.9,54243,192864,88396,0,6027
268,56.49,10.89,8600,12.3,116522,285278,160720,0,10045
269,57.3,10.77,8373,12.2,104468,267203,152684,0,6027
270,59.13,9.96,6209,12.1,82369,241083,142639,0,12054
271,51.11,13.07,5969,13.7,92414,198891,108486,0,6027
272,61.87,8.68,6763,11.4,110495,285284,116522,0,0
273,57.0,10.47,7918,12.5,126567,287308,118531,0,0
274,63.59,7.99,6489,10.8,92414,216975,144648,0,0
275,60.65,9.06,7375,11.7,146657,269206,120540,0,4018
276,59.64,10.18,8266,12.3,162731,367647,126567,2009,26117
277,56.89,11.07,9203,12.6,216972,417878,156702,2009,16072
278,58.62,10.55,8675,12.6,196884,367650,134603,2009,24108
279,77.37,9.35,3323,10.5,46207,78354,76342,0,8036
280,67.38,10.14,7437,12.0,78351,218987,162729,0,46207
281,68.7,9.67,9212,11.7,110495,331506,140630,2009,50225
282,68.3,9.64,9235,11.6,130585,293323,168756,0,56252
283,68.2,10.15,6300,11.9,90405,204924,126567,2009,22099
284,62.82,12.0,8992,13.0,118531,233053,160720,0,20090
285,69.21,9.48,7009,11.6,96432,243095,156702,0,38171
286,68.1,10.07,7827,11.9,136612,235053,158711,0,30135
287,59.84,10.46,3468,12.2,128581,96432,56252,0,14063
288,62.98,9.06,4759,11.3,88396,158714,66297,0,22099
289,61.56,9.67,5188,12.1,120540,186843,70315,4018,4018
290,60.65,9.84,6148,12.3,112504,225011,108486,4018,14063
291,48.64,11.32,6238,13.4,90405,186843,102459,4018,4018
292,60.95,9.62,7504,12.4,136612,245107,130585,2009,6027
293,49.75,10.89,6002,13.1,102459,235059,126567,0,10045
294,62.88,8.9,6620,11.9,116522,247122,100450,2009,16072
295,51.48,10.25,4856,12.8,66297,206930,92414,2009,8036
296,45.39,12.66,5585,14.2,94423,212963,102459,0,8036
297,50.67,10.39,6143,13.2,86387,271221,114513,4018,18081
298,47.12,12.0,5365,13.7,82369,218987,96432,0,12054
299,57.4,11.13,7408,12.8,162729,204924,154693,6027,8036
300,62.88,8.73,7543,11.7,116522,287296,162729,6027,16072
301,63.19,8.87,4972,11.3,92414,186846,106477,2009,16072
302,54.42,9.72,2465,12.4,78351,42192,94423,0,20090
303,61.16,9.71,4858,12.2,108486,70318,180810,0,20090
304,61.87,8.99,9517,11.5,188846,303371,126567,0,32144
305,61.36,9.18,9351,11.5,130585,261179,186837,0,24108
306,61.06,9.47,9657,11.9,164738,279254,144648,2009,24108
307,58.01,10.55,9478,12.3,152684,235056,188846,0,24108
308,62.98,8.61,9460,11.0,198891,255146,128576,0,16074
309,60.24,9.65,8702,11.5,170765,237068,110495,0,22099
310,61.16,9.33,8225,11.6,152684,255152,126567,0,6027
311,60.85,9.6,7917,11.5,134603,204927,112504,0,26117
312,65.76,10.69,8106,11.8,148666,273230,146657,0,38171
313,70.53,8.77,9141,10.7,190855,279260,138621,0,16072
314,65.56,11.19,6841,12.2,172774,174792,158711,0,48216
315,58.62,10.42,10294,11.9,204918,295338,245098,0,10045
316,61.36,9.36,10480,11.8,194873,389755,152684,0,32144
317,62.17,8.87,5177,11.2,54243,170768,120540,0,0
318,62.07,9.14,3593,11.6,52234,118531,58261,0,2009
319,62.68,8.73,4142,11.3,62279,84378,92414,0,8036
320,61.87,9.23,3922,11.5,40180,130585,102459,0,10045
321,63.39,8.89,3023,11.7,28126,138624,64288,0,8036
322,64.3,8.53,3657,11.1,32144,162732,72324,0,12054
323,68.4,9.85,4507,11.4,60270,184831,72324,0,10045
324,59.23,10.41,4148,12.4,46207,118531,74333,0,6027
325,61.56,9.26,4316,11.3,42189,176795,84378,0,6027
326,59.03,10.36,4806,12.1,54243,168756,74333,0,10045
327,60.45,9.55,4810,11.2,48216,188849,94423,0,6027
328,60.55,9.84,6049,11.8,170765,100453,176792,2009,14063
329,63.49,8.35,5868,10.6,144648,112504,108486,2009,10045
330,66.37,10.2,8084,11.9,162729,255152,128576,0,8036
331,71.95,7.85,11205,10.3,144650,365662,152684,0,2009
332,71.04,8.38,9260,10.7,200900,253149,176792,0,8036
333,66.78,10.18,9339,11.6,253134,247110,116522,0,20090
334,70.53,8.59,8182,10.6,160720,285284,116522,0,4018
335,60.55,9.52,7323,12.1,122549,309398,132594,2009,4018
336,59.23,9.73,9268,12.2,116522,399797,162729,0,2009
337,54.56,11.59,10180,13.2,178801,329476,186837,2009,0
338,52.73,12.51,10552,14.0,154693,456058,134603,0,4018
339,57.4,10.51,11629,12.7,202909,458070,146657,0,2009
340,58.32,10.57,8888,12.6,227017,271224,172774,0,6027
341,70.33,8.82,11262,11.4,257152,407830,227017,4018,8036
342,70.13,8.92,8169,11.3,136612,331494,120540,2009,0
343,60.24,9.62,8276,11.9,158711,154699,96432,0,50225
344,60.65,9.75,6769,12.0,80360,202924,110495,2009,26117
345,55.24,8.91,5901,12.1,60270,235059,76342,0,24108
346,51.28,10.31,6742,12.7,106477,202915,96432,4018,32144
347,62.38,9.22,6112,11.8,80360,200900,76342,2009,14063
348,60.75,9.47,8498,12.2,168756,261185,140630,4018,46207
349,62.48,9.22,5064,12.0,84378,168756,56252,0,8036
350,62.48,8.76,6666,11.3,94423,233047,96432,2009,12054
351,62.17,8.96,6407,11.0,96432,210951,88396,0,8036
352,56.49,11.56,4395,13.2,110495,106486,92414,0,44198
353,59.23,10.3,5987,11.9,164738,114519,114513,0,96432
354,57.4,10.94,6252,12.4,176792,132600,106477,0,56252
355,60.14,10.11,5047,11.8,108486,144651,64288,0,52234
356,61.87,8.9,9230,11.2,237062,182819,172774,2009,20090
357,56.39,10.99,9782,12.5,229026,190855,128576,0,14063
358,62.27,8.7,10343,11.2,251125,188846,162729,0,12054
359,62.48,8.73,9670,11.2,184828,218990,142639,0,18081
360,61.26,9.37,7681,11.7,156702,164741,134603,0,24108
361,62.88,8.45,10498,10.9,229026,235056,206927,0,8036
362,62.27,9.01,8567,11.6,172774,231038,150675,0,10045
363,61.56,9.18,9513,11.5,253134,239071,150675,2009,42189
364,60.95,9.56,7349,11.8,170765,225011,126567,0,12054
365,59.23,10.26,9179,12.2,222999,283272,176792,2009,14063
366,55.88,11.66,7455,13.5,138621,235065,144648,0,24108
367,59.03,10.31,6716,12.6,116522,227032,112504,0,12054
368,57.5,10.99,5885,13.2,68306,235062,104468,0,2009
369,56.18,11.2,8892,12.5,174783,359626,198891,0,6027
370,59.43,10.65,4322,12.3,94423,178801,86387,0,6027
371,59.23,10.87,3909,12.4,78351,114513,78351,2009,8036
372,59.43,10.66,4032,12.2,92414,194876,72324,0,6027
373,62.68,9.06,5187,11.3,104468,257155,90405,0,12054
374,59.64,10.6,4377,12.5,106477,222999,62279,0,4018
375,51.28,10.9,3086,12.9,42189,206936,48216,0,4018
376,59.03,10.63,4139,12.9,60270,281269,48216,0,2009
377,59.84,10.18,4014,12.1,120540,229029,104468,0,4018
378,60.65,9.76,4807,12.2,108486,194882,116522,0,2009
379,58.62,10.73,6203,12.8,160720,233056,190855,0,6027
380,62.98,9.0,6172,11.9,148666,170765,162729,2009,24108
381,63.59,8.54,4963,10.9,60270,198891,76342,0,2009
382,58.42,10.89,6163,12.5,124558,124561,114513,2009,14063
383,60.35,10.07,5717,12.3,148666,86390,92414,2009,12054
384,51.07,10.72,4310,13.3,138621,110498,80360,0,14063
385,65.01,8.27,4560,10.9,104468,112504,68306,0,38171
386,62.78,9.38,3668,11.7,76342,82372,46207,0,18081
387,60.45,10.27,3227,12.6,84378,46213,58261,0,12054
388,60.04,10.43,3787,12.2,88396,78354,60270,0,18081
389,61.16,10.25,2723,11.9,60270,76348,44198,0,24108
390,56.69,12.21,2334,13.4,50225,60273,46207,0,6027
391,55.47,12.43,3440,13.8,66297,108486,58261,0,20090
392,59.13,11.06,3274,12.5,56252,96432,40180,0,22099
393,48.03,12.35,2777,13.9,70315,80360,50225,0,4018
394,60.75,10.11,3730,12.2,64288,74336,92414,0,6029
395,56.49,11.26,9832,13.0,136612,293326,200900,0,12054
396,49.15,11.06,7927,13.1,130585,291326,144648,0,14063
397,58.82,10.68,7005,12.7,116522,212957,138621,0,10047
398,60.24,9.95,7220,12.1,142639,235068,162729,0,8036
399,59.94,9.95,8070,12.0,178801,164738,204918,0,22099
400,58.92,10.41,8625,12.3,214963,269212,198891,0,16072
401,57.4,11.05,8195,13.0,152684,285293,152684,0,12054
402,58.62,10.35,8748,12.7,148666,212957,186837,0,8036
403,59.94,9.97,7587,12.5,176792,166750,180810,0,6027
404,49.25,11.02,7373,13.0,176792,259161,158711,0,10045
405,59.23,10.3,7225,12.4,190855,146657,168756,4018,4018
406,56.59,11.34,6325,13.1,72324,142642,162729,8036,8036
407,50.4,13.98,5005,14.5,68306,140633,94423,4018,6027
408,50.2,13.92,6967,14.8,130585,182828,180810,10045,2009
409,59.64,9.86,9098,11.7,196882,221002,156702,0,8036
410,57.3,10.63,9460,12.0,164738,239077,186837,2009,6027
411,58.52,10.26,9057,11.8,128576,227026,146657,2009,12054
412,57.71,10.67,9339,12.1,116522,216975,154693,0,6027
413,68.7,9.42,9877,11.1,134603,235074,188846,6027,18081
414,59.94,9.61,10233,11.4,176792,267200,176792,2009,10045
415,60.24,9.5,10215,11.5,128576,190861,170765,0,24108
416,57.71,10.51,9415,12.3,148666,174789,134603,0,12054
417,65.86,10.62,9377,12.0,164738,265191,168756,0,6027
418,54.56,11.64,9472,12.8,146657,216981,180810,0,14063
419,58.11,10.31,10083,12.1,158711,295326,178801,0,44198
420,57.2,10.9,9393,12.6,130585,255152,152684,0,36162
421,58.92,10.0,9695,12.0,148668,257164,216972,2009,10045
422,49.18,13.87,10680,13.8,229026,241089,214963,0,14063
423,58.92,10.96,4304,12.6,46207,108492,96432,0,28126
424,60.65,10.16,5225,12.1,70315,182819,80360,2009,24108
425,60.04,10.31,4071,11.9,40180,152693,78351,0,24108
426,61.67,10.03,3740,12.2,48216,148672,66297,0,18081
427,63.19,9.47,3957,11.9,52234,136612,80360,0,32144
428,53.1,10.34,2518,12.3,16072,62279,44198,0,20090
429,54.63,9.88,2076,11.9,16072,58264,56252,0,6027
430,58.62,11.06,3020,12.5,50225,98444,88396,0,28126
431,59.23,10.66,3776,12.2,44198,116522,76342,0,16072
432,62.27,9.45,2983,11.3,48216,104468,52234,0,18081
433,61.26,9.97,4149,12.0,62279,132600,96432,0,12054
434,46.2,12.78,1743,14.2,38171,44198,34153,0,8036
435,58.62,11.05,3656,12.6,46207,106477,50225,0,12054
436,61.16,9.85,5320,12.0,106477,142645,90405,0,28126
437,66.88,10.41,7096,11.9,166747,273230,132594,0,18081
438,68.6,9.5,8776,11.2,172776,313410,126567,2009,14063
439,68.6,9.71,7387,11.4,156702,287287,130585,0,8036
440,69.11,9.13,9230,11.3,136612,351590,106477,0,22099
441,67.69,9.83,9520,12.0,148666,357602,132594,2009,18081
442,69.41,9.22,8581,11.4,172774,273227,128576,2009,14063
443,67.38,9.93,9508,11.3,186837,329485,146657,2009,22099
444,53.85,12.36,7146,13.1,150675,269215,132594,0,22099
445,69.31,9.19,9919,11.3,194873,327479,150675,0,12054
446,62.11,12.01,8947,12.5,251125,261182,168756,0,32144
447,67.99,9.7,8845,11.1,194873,287290,176792,0,12054
448,65.96,10.65,8205,12.0,148666,311413,144648,0,30135
449,55.07,12.16,5042,12.6,120540,192867,78351,0,14063
450,65.35,10.72,9457,12.2,176792,303362,168756,4018,26117
451,55.37,11.73,5846,12.8,108486,184837,76342,0,12054
452,54.36,11.9,8794,13.0,110495,285299,114513,0,24108
453,58.62,10.54,6602,12.8,70315,239074,76342,0,6027
454,50.26,10.53,6336,13.2,52234,257155,86387,0,10045
455,48.54,11.16,7215,13.4,70315,271218,126567,0,34153
456,58.72,10.54,6156,12.3,58261,176795,92414,0,22099
457,59.43,10.06,6932,12.2,64288,176795,116522,0,8036
458,59.94,9.89,5642,12.2,68306,154693,92414,0,4018
459,61.06,9.55,6286,12.2,90405,172783,104468,0,8036
460,53.71,9.51,4340,12.2,54243,148666,80360,0,6027
461,59.84,9.86,5816,11.6,84378,152684,128576,0,14063
462,59.94,9.99,4929,12.1,86387,114513,86387,0,8036
463,47.52,11.61,5672,13.7,90405,164741,116522,0,6027
464,45.59,12.78,5092,14.1,138621,80360,126567,0,6027
465,60.24,9.93,6975,12.1,134603,225008,168756,0,16072
466,60.65,9.72,4766,11.6,78351,158711,90405,0,0
467,62.68,9.07,6197,11.9,150675,255143,112504,0,16072
468,60.04,10.07,5894,12.3,106477,245101,128576,0,20090
469,62.88,8.65,6790,11.2,128576,249122,170765,2009,26117
470,57.4,10.82,8135,12.9,126567,313410,198891,0,28126
471,63.7,8.35,7114,11.4,116522,297332,126567,0,28126
472,62.78,9.1,6443,12.0,110495,325470,138621,0,52239
473,63.19,8.72,6350,11.3,106477,249122,120540,0,42189
474,61.56,9.23,7220,11.6,132594,307377,142639,0,38171
475,62.78,8.9,5656,12.0,92414,212960,132594,0,50225
476,50.87,10.9,4023,13.2,56252,158711,78351,0,22099
477,58.52,10.66,5433,12.8,72324,222999,122549,2009,38171
478,58.11,10.74,5187,12.6,82369,200900,98441,0,24108
479,59.53,10.31,4974,12.6,78351,229026,104468,0,12054
480,51.48,10.45,5308,12.9,144648,140630,120540,0,12054
481,61.56,9.47,6485,12.1,142639,291308,118531,0,24108
482,66.57,10.18,8290,11.9,134603,200906,138621,0,6027
483,68.5,9.33,8996,11.0,148666,204921,154693,0,20090
484,69.92,9.03,7445,11.0,98441,225032,132594,0,8036
485,68.7,9.22,8445,11.1,134603,178807,132594,0,6027
486,72.05,8.01,8212,10.8,92414,329482,112504,2009,4018
487,70.94,8.35,8144,10.9,126567,297341,132594,0,10045
488,68.6,9.49,6588,11.5,76342,223008,112504,0,6027
489,66.37,10.15,8687,11.8,100450,259173,116522,0,12054
490,61.67,8.96,7390,11.7,84378,253143,126567,0,10045
491,68.2,9.64,7107,11.5,90405,255146,92414,0,6027
492,70.13,8.83,8009,11.0,98441,277251,150675,0,2009
493,67.08,10.05,6521,11.5,84378,287305,116522,0,8036
494,70.84,8.46,7373,10.8,106477,271227,138621,0,8036
495,67.08,9.92,8447,11.4,130585,331500,114513,0,16072
496,60.65,9.66,6008,11.6,126567,172789,156702,0,18081
497,67.99,9.68,8268,11.3,132594,243098,154693,0,12054
498,61.97,9.22,4412,11.5,88396,88396,90405,2009,18081
499,62.78,8.79,5016,11.1,88396,130585,110495,0,52234
500,60.04,9.88,5712,12.1,56252,190855,128576,0,42189
501,58.01,10.52,6545,12.4,94423,184831,112504,0,32144
502,50.46,10.99,2924,13.5,38171,48216,86387,0,40180
503,62.38,8.78,7594,11.3,140630,154699,126567,2009,38171
504,63.19,8.45,7832,11.0,128576,200903,160720,0,70315
505,62.17,9.34,4908,11.8,62279,130588,74333,0,44198
506,59.74,10.05,5409,12.2,82369,152684,102459,0,32144
507,61.97,9.21,5567,12.1,70315,132594,92414,0,36162
508,54.97,11.93,5992,13.7,50225,170771,98441,0,28126
509,60.55,9.96,5628,12.3,92414,206927,102459,0,42189
510,61.67,9.08,6043,11.8,66297,188846,114513,0,44198
511,72.56,8.09,3605,10.2,60272,106477,46207,0,20090
512,54.76,12.35,6970,13.2,116522,275254,140630,0,18084
513,55.98,11.51,7463,12.9,86387,289308,134603,0,24111
514,60.75,9.86,7380,11.9,134603,347566,144648,0,32147
515,56.08,12.04,6137,13.5,80360,265197,116522,0,36165
516,59.84,10.25,5414,12.1,54243,150678,90405,2009,42192
517,59.94,10.1,6781,12.1,102459,196897,136612,0,26120
518,60.24,10.41,4610,12.8,78351,174789,102459,0,28129
519,59.03,10.42,6908,12.4,116522,325470,150675,0,32147
520,67.18,10.49,6582,12.0,86387,212960,162729,0,16075
521,53.34,12.89,5787,13.5,94423,208942,134603,0,12057
522,57.3,11.01,8389,12.7,102459,383752,152684,2009,28129
523,52.39,9.75,6225,12.3,92414,263185,102459,0,8036
524,61.06,9.58,6161,12.2,82369,301359,82369,0,0
525,61.26,9.32,7567,12.0,106477,323449,92414,4018,4018
526,59.74,10.09,6021,12.2,94425,277248,84378,0,12054
527,62.38,9.08,6488,11.5,162729,293329,126567,2009,0
528,58.92,10.14,7344,12.3,150675,349575,118531,0,2009
529,53.04,12.65,7988,13.8,128576,337521,136612,0,10045
530,57.3,10.92,8068,12.8,106477,349572,96432,0,6027
531,57.0,11.09,7447,12.8,180812,353593,98441,0,2009
532,48.84,11.26,7477,13.4,146657,311410,176792,0,12054
533,60.85,9.59,5161,11.4,76342,172780,76342,0,0
534,54.05,12.66,4903,14.0,60270,134603,70315,0,44198
535,57.91,10.78,6749,12.8,54243,138627,104468,4018,60270
536,58.21,10.46,7788,12.6,146657,108486,152684,0,32144
537,56.59,11.1,9597,13.1,100450,200912,124558,6027,70315
538,55.17,11.79,7922,13.7,96432,174783,106477,6027,52234
539,61.56,9.08,8287,11.6,102459,208942,118531,0,34153
540,59.43,10.18,8728,12.3,90405,223011,124558,4018,34153
541,56.49,11.62,4554,13.3,50225,162732,58261,2009,6027
542,58.92,10.64,3845,12.6,46207,76342,50225,2009,14063
543,58.92,10.46,5241,12.6,64288,218984,62279,0,10045
544,49.38,14.57,4401,15.0,58261,196882,44198,2009,18081
545,40.42,14.55,4527,15.2,48221,218981,88396,8036,10045
546,47.32,12.16,4220,13.6,60270,168759,76342,0,6027
547,55.17,12.15,5752,13.8,110495,164747,118531,2009,22099
548,58.82,10.59,6754,12.9,98441,216972,150675,0,24108
549,53.85,12.38,4620,13.7,46207,154693,44198,0,4018
550,63.29,8.4,5499,11.2,78351,188849,80360,0,8036
551,59.33,10.71,4031,12.6,92414,140636,78351,0,4018
552,61.87,9.58,5335,11.8,138621,168756,90405,4018,4018
553,63.29,9.09,3960,11.3,84378,158711,80360,0,6027
554,63.9,9.13,4323,11.4,110495,128582,120540,0,14063
555,62.58,9.51,3719,11.8,84378,132597,92414,0,4018
556,59.84,10.38,3606,12.0,64288,142639,88396,0,4018
557,49.45,11.95,2670,13.4,40180,96432,58261,0,2009
558,69.01,9.43,6937,11.1,142639,172777,148666,0,18081
559,63.19,8.83,4728,11.3,94423,172774,98441,0,4018
560,57.3,10.9,6493,12.6,82369,216981,158711,0,6027
561,60.65,9.39,7716,11.5,142639,249119,176792,0,2009
562,56.89,10.81,8960,12.2,146657,267203,210945,0,4018
563,59.64,9.71,8119,11.9,106477,263182,194873,0,8038
564,61.16,9.22,6815,11.5,122549,216972,144648,0,4018
565,58.42,10.6,6138,12.4,100450,192867,170765,0,6027
566,56.08,11.42,5790,13.1,106477,186837,148666,0,2009
567,56.79,10.95,8035,12.4,168756,249116,208936,0,8038
568,60.45,9.54,6543,11.8,86387,190864,130585,0,8036
569,54.66,11.8,7830,13.2,134603,208945,208936,0,2009
570,56.59,11.01,8951,12.5,188846,307383,267197,0,10049
571,58.52,10.13,9124,11.9,170765,307386,251125,0,14065
572,59.74,9.55,9712,11.4,208936,287290,243089,0,14069
573,53.04,12.18,8281,12.7,208936,283269,170765,0,12056
574,60.24,9.72,5483,11.8,118531,186840,134603,0,0
575,63.09,8.57,4619,11.1,88396,172777,128576,0,0
576,62.58,8.82,5163,11.5,124558,118537,120540,0,0
577,63.39,8.57,5047,11.0,108486,156705,98441,0,0
578,64.41,8.15,5092,10.9,102459,130588,126567,0,0
579,65.86,10.67,5741,11.9,100450,182825,128576,0,2009
580,70.94,8.6,5942,11.1,94423,178816,160720,0,0
581,63.9,8.21,5946,11.0,78351,265194,122549,0,0
582,57.91,10.63,5231,12.2,74333,114531,116522,0,2009
583,60.85,9.5,5425,11.9,48216,164744,134603,0,2009
584,69.92,9.04,6034,11.4,96432,174792,140630,0,2009
585,62.07,9.46,4511,11.7,62279,162729,108486,0,0
586,57.0,11.1,6125,12.8,192864,152690,184828,0,2009
587,62.27,9.31,5638,11.7,154693,140639,182819,0,8036
588,70.94,8.76,4993,11.1,122551,162732,92414,0,0
589,61.16,9.6,6643,12.0,128576,208945,94423,0,20090
590,61.67,9.6,6109,11.8,116522,200903,118531,0,6027
591,62.38,9.05,6182,11.3,104468,202912,96432,0,6027
592,62.78,8.82,6024,11.4,118531,144651,102459,2009,18081
593,62.38,9.1,6357,11.9,72324,237065,96432,2009,10045
594,61.46,9.55,5685,11.7,82369,194876,74333,0,8036
595,61.16,9.41,6580,12.0,94423,227026,74333,4018,14063
596,61.56,9.04,7608,11.4,74333,295326,106477,2009,4018
597,63.9,8.35,6148,11.1,70315,283269,94423,0,0
598,57.61,10.79,7026,12.7,68306,313413,94423,0,6027
599,59.64,9.96,5747,12.1,48216,293317,100450,0,0
600,60.75,9.65,7745,11.9,138621,393767,122549,2009,22099
601,61.46,9.4,7982,11.7,160720,319443,114513,0,26117
602,62.98,8.57,7532,11.0,90405,305368,98441,0,16072
603,59.94,10.1,8026,12.9,132594,319434,164738,0,18081
604,61.87,8.99,8622,11.7,170765,289305,208936,0,22099
605,58.82,10.34,8560,12.5,150675,245107,154693,0,18081
606,60.35,9.54,8854,12.4,162729,275245,188846,0,10045
607,47.42,11.54,8066,13.8,180810,204924,136612,0,14063
608,60.35,9.44,7371,11.5,120540,202915,108486,0,10045
609,60.24,9.86,6202,12.0,94423,237074,108486,0,20090
610,60.85,9.35,7024,11.5,196882,178804,120540,0,2009
611,61.87,9.2,6062,11.6,106477,200906,102459,0,2009
612,55.17,11.75,5858,13.1,180810,172780,102459,0,2009
613,56.79,10.96,5796,13.0,150675,186840,110495,0,4018
614,58.32,10.44,6252,12.5,160720,225017,108486,0,4018
615,58.11,10.77,7017,12.8,247107,146657,172774,2009,0
616,50.87,10.54,5819,13.0,122549,196897,102459,0,6027
617,65.01,8.11,3832,10.8,80360,142651,34153,0,4018
618,60.45,9.43,7811,11.7,110495,255146,138621,0,10045
619,52.6,9.45,7721,12.2,130585,247110,196882,0,12054
620,62.27,8.92,6609,11.0,90405,198891,104468,0,8036
621,57.1,10.7,7864,12.3,104468,275233,124558,0,10045
622,63.39,8.4,7588,10.9,114513,235053,132594,0,10045
623,58.62,10.19,9073,12.4,96432,361629,104468,0,20090
624,60.04,9.69,7483,11.6,94423,257155,84378,4018,18081
625,57.71,10.49,9750,12.3,190855,347563,154693,2009,16072
626,58.62,10.26,7832,12.1,114513,261179,114513,0,26117
627,57.0,11.37,5606,13.1,110495,200900,70315,0,10045
628,57.5,10.78,7533,12.5,104468,208936,98441,0,14063
629,58.11,10.42,8932,12.5,154693,275233,114513,0,10045
630,59.33,10.13,8075,12.5,194873,249125,114513,2009,24108
631,61.67,9.3,5594,11.8,142639,235056,66297,2009,10045
632,60.85,9.25,7737,11.6,142639,218990,166747,0,16072
633,55.98,11.54,6391,12.7,188846,144648,140630,0,18081
634,53.85,12.34,6535,13.5,146657,198903,136612,0,18081
635,56.89,11.18,5113,12.8,132594,126567,106477,0,18081
636,59.94,10.03,4909,12.5,116522,122555,116522,8036,12054
637,54.05,12.1,7044,13.2,164738,200900,168756,0,8036
638,61.56,9.1,7370,11.8,182819,190861,190855,0,30135
639,64.54,11.08,7365,12.3,162729,241086,164738,0,6027
640,68.1,9.73,6763,11.7,144648,200900,118531,6027,8036
641,53.65,12.35,6015,13.3,120540,172777,148666,0,6027
642,58.72,10.11,6870,12.3,124558,152687,124558,0,14063
643,61.06,9.36,5578,11.6,100450,150690,124558,0,10045
644,63.73,11.63,7475,12.6,218981,162735,172774,4018,12054
645,68.4,9.87,5590,11.8,140630,158711,166747,0,10045
646,60.35,9.44,8850,11.5,180810,261170,168756,2009,2009
647,59.23,10.08,6886,11.7,132594,204924,126567,0,4018
648,58.62,10.34,5983,12.2,88396,190861,134603,0,22099
649,60.35,9.54,7989,11.8,148666,190861,140630,0,2009
650,60.65,9.26,9349,11.8,136612,182822,180810,2009,4018
651,60.14,9.83,6526,12.1,96432,180819,102459,0,12056
652,60.04,9.62,8590,11.7,156704,251131,188846,0,4018
653,61.56,9.3,6882,11.6,184828,229029,132594,0,10045
654,56.29,11.43,6488,12.6,102459,223008,106477,2009,8036
655,62.38,9.01,6481,11.4,70315,227032,108486,0,2009
656,55.68,11.73,4833,12.8,98441,221005,114513,0,0
657,47.22,12.07,4392,13.5,70315,150675,112504,0,0
658,57.71,10.7,5558,12.0,96432,269206,122549,0,0
659,68.81,9.62,5255,11.3,80360,194873,112504,0,0
660,57.1,11.5,3867,12.6,94423,128576,94423,0,0
661,62.07,8.91,6346,11.1,118531,237065,128576,0,0
662,69.31,9.26,7521,10.7,72324,158720,110495,0,4018
663,67.69,10.11,7287,11.5,100450,136615,92414,0,12054
664,68.1,9.91,7929,11.5,144648,182828,128576,2009,14063
665,69.82,9.32,6162,11.0,60270,174786,116522,0,16072
666,58.62,10.96,4039,12.2,74333,124564,66297,0,20090
667,58.92,10.75,3856,12.0,38171,84378,64288,0,4018
668,58.92,10.61,3754,12.1,62279,110495,70315,0,4018
669,59.53,10.79,4036,12.2,52234,126573,52234,0,8036
670,28.54,19.54,4100,16.8,46207,158714,42189,0,2009
671,42.65,13.95,4425,14.5,52234,110498,48216,0,4018
672,38.18,15.62,4660,15.2,84378,116531,78351,0,8036
673,50.7,14.3,4846,14.4,92414,80363,94423,0,4018
674,55.37,12.08,3148,12.8,30135,94429,28126,0,2009
675,68.91,9.25,8764,10.7,188851,329515,144648,0,4018
676,69.41,9.09,6474,11.0,106477,307392,110495,0,2009
677,73.78,7.66,4516,10.3,106477,146663,60270,0,4018
678,68.1,9.61,8151,11.4,158711,291326,154693,0,6027
679,70.73,8.37,7692,10.7,120540,343560,88396,0,4018
680,71.34,8.08,9223,10.4,190855,423920,150675,0,2009
681,71.65,8.14,6406,10.2,108486,257170,94423,0,0
682,71.34,8.34,7035,10.7,116522,253137,130585,0,2009
683,69.11,9.28,7841,11.1,134603,251128,134603,0,6027
684,69.72,9.08,6355,10.8,126567,235056,92414,0,4018
685,66.67,10.3,8327,11.8,132594,355608,178801,0,6027
686,60.55,9.37,9060,11.6,182819,325482,158711,2009,2009
687,59.53,9.91,7549,11.8,152684,210948,180810,2009,8036
688,67.79,9.8,8849,11.7,166747,285302,150675,0,4018
689,60.65,9.4,7568,11.6,124558,311401,132594,0,4018
690,70.23,8.7,8313,10.8,162729,287293,134603,0,10045
691,60.24,9.37,10199,11.6,142639,411854,108486,0,18081
692,70.23,8.79,8323,10.8,120540,343548,116522,0,14063
693,70.43,8.87,7800,10.9,202909,249128,116522,0,8036
694,58.25,13.5,8120,13.0,116522,311398,92414,0,14063
695,56.29,11.25,7789,12.8,116522,389746,90405,0,8036
696,56.49,11.27,6933,12.7,104468,327467,102459,0,10045
697,58.11,10.37,9278,12.0,154693,431944,106477,0,16072
698,66.57,10.02,12690,11.5,233044,498256,196882,0,6027
699,56.69,11.12,7949,12.4,116522,399800,90405,0,10045
700,59.94,9.78,7369,11.6,162729,261179,126567,0,12054
701,54.56,12.12,6381,12.6,120540,291317,92414,0,8036
702,59.84,9.56,10122,11.6,218981,361626,122549,0,12054
703,45.29,12.94,7055,14.3,206927,212957,152684,0,8036
704,52.19,10.23,6913,12.6,144648,237071,122549,0,12054
705,62.27,9.27,5318,11.6,132594,204924,108486,0,0
706,58.01,11.1,6884,13.2,130585,239080,100450,0,22099
707,51.58,10.26,6927,12.7,142639,243098,102459,2009,20090
708,50.87,10.99,5022,13.7,102459,164741,74333,0,12054
709,41.4,11.88,4837,14.5,110495,216975,88396,0,18081
710,48.13,11.95,5707,13.9,78351,204921,78351,0,12054
711,58.11,10.53,8202,12.6,172774,257155,130585,0,28126
712,50.57,10.93,5264,12.9,74333,218990,86387,0,10045
713,58.52,10.6,7599,12.7,130585,247107,84378,0,10045
714,49.25,11.39,5483,13.6,84378,178801,74333,0,18081
715,49.04,11.67,4716,14.1,90405,192882,60270,0,14063
716,49.96,11.04,6262,13.7,78351,223008,80363,0,20090
717,58.72,10.42,8053,12.6,124558,223008,118531,0,18081
718,52.33,13.16,9232,14.3,271215,313413,166747,0,14063
719,60.75,9.54,12577,12.2,216972,466109,198891,0,30135
720,58.52,10.37,7928,12.5,98441,214981,106477,2009,38171
721,58.72,10.36,6531,12.2,106477,204918,88396,0,14063
722,59.64,9.72,7714,11.7,146657,190861,112504,0,10045
723,60.45,9.4,7163,11.3,102459,218984,82369,0,10045
724,57.0,10.82,8628,12.2,146657,196885,112504,0,14063
725,58.42,10.42,7011,12.1,116522,154696,82369,0,10045
726,60.24,9.58,7756,11.5,94423,196882,110495,0,6027
727,61.46,8.9,7777,11.0,130585,150678,126567,0,6027
728,60.55,9.33,8049,11.3,114513,174783,118531,0,16072
729,59.94,9.95,4686,11.9,82369,84378,64288,0,6027
730,56.89,10.91,7618,12.7,126567,182819,102459,0,8036
731,55.27,11.74,6244,13.0,134603,154696,88396,0,8036
732,57.81,10.65,6643,12.6,168756,186855,98441,0,6027
733,54.66,11.79,8612,13.5,289296,194876,156702,0,10045
734,59.64,9.73,8133,11.4,216972,186843,140630,0,4018
735,70.53,8.8,6032,10.7,152684,146660,130585,0,4018
736,61.26,9.01,8906,11.6,188846,315431,156702,0,26117
737,61.67,8.75,11130,11.1,229026,253140,233047,2009,36162
738,67.28,9.98,9211,11.5,180810,216975,168756,2009,20090
739,69.92,8.87,10455,10.9,176792,323470,164738,0,8036
740,71.55,8.18,10362,10.4,174783,361629,144648,0,12054
741,71.75,8.06,9999,10.7,116524,313416,124558,0,20090
742,67.28,9.71,11403,11.4,235053,331491,168756,0,20090
743,71.55,8.05,12171,10.4,229026,381728,174783,0,16072
744,60.85,9.18,9576,11.4,233044,223011,202909,0,8036
745,60.95,9.15,9816,11.5,255143,261173,194876,0,12054
746,61.56,9.06,7972,11.7,126567,359638,90405,0,6027
747,54.05,11.95,8293,12.8,108486,395785,96432,0,10045
748,59.43,9.96,8605,12.0,154693,297338,132594,0,2009
749,60.85,9.74,7588,12.1,120540,315422,102459,2009,2009
750,56.89,11.15,7113,13.2,86387,367647,86387,0,0
751,69.92,9.03,6448,11.1,70315,305374,72324,0,0
752,60.45,9.98,3463,11.9,64288,128576,64288,0,2009
753,62.38,9.16,4308,11.2,50227,154699,110497,0,0
754,61.26,9.68,4077,11.8,80360,114516,78351,0,4018
755,62.58,8.98,4155,11.3,66297,146660,108486,0,8036
756,61.87,9.49,4476,11.4,90405,176792,104468,0,2009
757,64.3,8.47,3312,10.8,48216,92414,66297,0,2009
758,53.31,10.08,4042,12.4,82369,126567,98441,0,2009
759,59.03,10.87,4604,12.4,102459,146660,112504,0,4018
760,60.95,9.88,3729,11.7,94423,132594,82369,0,0
761,60.14,10.37,3929,12.0,104468,150675,66297,0,2009
762,60.14,10.25,3173,11.7,64288,114513,66297,0,0
763,60.75,9.54,5586,11.6,128576,184834,146657,0,4018
764,61.87,9.19,5132,11.4,98441,160720,110495,0,4018
765,50.5,13.64,7220,14.6,84378,351581,94423,4018,8036
766,58.82,10.29,7931,12.9,118531,283272,114513,0,12054
767,62.58,8.72,6882,11.5,100450,281269,94423,2009,12054
768,61.67,9.39,6717,11.9,78351,214972,74333,2009,20090
769,57.81,10.97,4938,12.9,62279,160729,66297,0,10045
770,62.27,8.99,6138,11.7,90405,263179,84378,2009,6027
771,61.16,9.25,6284,12.4,78351,291305,82369,2009,2009
772,61.77,8.94,8047,11.9,102459,335515,94423,2009,22099
773,63.19,8.72,5324,11.8,78351,184828,84378,2009,8036
774,58.11,10.46,8136,12.9,122549,275239,130585,2009,6027
775,49.96,10.62,5748,13.7,88396,220990,72324,2009,10045
776,58.21,10.53,8906,13.1,118531,301368,108486,2009,18081
777,56.89,11.09,8371,13.1,122549,285284,160720,2009,18081
778,71.44,8.45,7009,10.8,96432,216978,112504,0,8036
779,71.55,8.54,6123,10.7,100450,174783,130585,0,12056
780,62.68,8.96,5527,11.2,80360,225008,96432,0,6027
781,61.16,9.3,5657,11.7,94423,146663,92414,2009,4018
782,62.78,8.87,6322,11.0,98441,235062,110495,2009,24108
783,64.2,8.08,6408,10.5,74333,241086,80360,2009,22099
784,61.67,9.39,4880,11.6,58261,194873,84378,0,6027
785,62.27,9.24,5023,11.9,112504,160729,58261,0,26117
786,62.58,9.02,6250,11.1,134603,227020,80360,4018,20090
787,60.65,9.81,5028,11.8,72324,168756,92414,0,16072
788,61.77,9.11,5491,11.3,94423,182822,84378,0,22099
789,61.97,9.57,4598,12.1,74333,218984,72324,0,8036
790,46.81,11.96,5052,13.7,144648,198894,136612,0,4018
791,59.84,10.16,5457,11.9,78351,229029,96432,0,6027
792,72.16,8.26,5213,10.4,80360,142639,84378,0,6027
793,71.75,8.6,4619,10.7,150675,132597,78351,0,6027
794,70.23,8.86,6681,10.7,198891,130594,92414,0,10045
795,69.52,9.22,6060,11.0,194873,116522,108486,0,8036
796,70.02,8.89,7412,10.9,225008,124558,134603,0,8036
797,61.77,9.12,5827,11.0,146657,128585,92414,0,0
798,59.33,9.95,5221,11.5,116522,100453,140630,0,4018
799,64.95,10.85,8698,11.6,190855,186837,180810,2009,2009
800,63.39,8.21,7233,10.7,148666,170771,112504,0,2009
801,65.86,10.41,7920,11.5,138621,148666,126567,0,10045
802,70.94,8.71,4856,10.4,122549,96432,98441,0,4018
